7.16072 123.73101 19601.88867 0.03783
7.16072 123.60601 4246.73096 5.21867
7.16072 123.48101 23149.69141 160.41480
7.16072 123.35601 69488.78906 1098.84742
7.16072 123.23101 45140.00000 1677.40946
7.16072 123.10601 13883.95312 570.62332
7.16072 122.98101 41704.97656 43.25822
7.16072 122.85601 -4077.41748 0.73080

7.15340 123.73101 85101.92188 0.21215
7.15340 123.60601 47821.85938 29.26271
7.15340 123.48101 42729.13281 899.49506
7.15340 123.35601 65151.37109 6161.57511
7.15340 123.23101 120517.57812 9405.75027
7.15340 123.10601 52605.38281 3199.66030
7.15340 122.98101 -7757.40967 242.56215
7.15340 122.85601 30342.22266 4.09780

7.14607 123.73101 52008.68750 0.91872
7.14607 123.60601 42007.53906 126.72431
7.14607 123.48101 -2386.42383 3895.32909
7.14607 123.35601 72611.97656 26683.15136
7.14607 123.23101 173298.04688 40732.28900
7.14607 123.10601 45525.35938 13856.36277
7.14607 122.98101 -59031.81250 1050.43312
7.14607 122.85601 30477.22070 17.74583

7.13875 123.73101 -24863.18359 3.07270
7.13875 123.60601 -1605.67639 423.83450
7.13875 123.48101 9597.64160 13028.08382
7.13875 123.35601 159039.90625 89242.86603
7.13875 123.23101 190235.96875 136230.76834
7.13875 123.10601 9847.14160 46343.15902
7.13875 122.98101 -68646.83594 3513.21554
7.13875 122.85601 -16076.19238 59.35163

7.13142 123.73101 -86721.64844 7.93685
7.13142 123.60601 -13451.97754 1094.77209
7.13142 123.48101 57713.28906 33651.77297
7.13142 123.35601 287000.06250 230515.91542
7.13142 123.23101 322374.06250 351886.50553
7.13142 123.10601 72640.36719 119705.20669
7.13142 122.98101 -22646.09570 9074.69842
7.13142 122.85601 -21576.21875 153.30633

7.12410 123.73101 -42890.27344 15.83312
7.12410 123.60601 14733.60547 2183.94723
7.12410 123.48101 60630.79297 67131.50345
7.12410 123.35601 448763.81250 459853.33327
7.12410 123.23101 588311.56250 701974.01426
7.12410 123.10601 192101.20312 238798.42833
7.12410 122.98101 20337.67383 18103.00303
7.12410 122.85601 -25914.73438 305.82890

7.11677 123.73101 54317.10156 24.39361
7.11677 123.60601 88335.33594 3364.74053
7.11677 123.48101 71014.32031 103427.44915
7.11677 123.35601 689200.75000 708481.93166
7.11677 123.23101 1052767.25000 1081509.84155
7.11677 123.10601 373571.78125 367909.41707
7.11677 122.98101 15683.94727 27890.74174
7.11677 122.85601 -76244.71875 471.18120

7.10945 123.73101 57805.79688 29.02529
7.10945 123.60601 109868.40625 4003.61251
7.10945 123.48101 96002.80469 123065.48589
7.10945 123.35601 904678.68750 843003.22477
7.10945 123.23101 1402408.25000 1286858.90678
7.10945 123.10601 495477.03125 437765.32774
7.10945 122.98101 19158.45703 33186.42887
7.10945 122.85601 -51982.70312 560.64559

7.10213 123.73101 23372.56055 26.67276
7.10213 123.60601 28577.48828 3679.11625
7.10213 123.48101 83467.03906 113090.92195
7.10213 123.35601 809978.00000 774677.08520
7.10213 123.23101 1182599.12500 1182557.88077
7.10213 123.10601 415504.53125 402284.06978
7.10213 122.98101 38210.22266 30496.64014
7.10213 122.85601 12377.01758 515.20478

7.09480 123.73101 30379.92578 18.93000
7.09480 123.60601 -1878.58789 2611.11501
7.09480 123.48101 23345.12500 80262.04765
7.09480 123.35601 469107.03125 549798.05679
7.09480 123.23101 728960.00000 839276.18011
7.09480 123.10601 277596.84375 285506.05674
7.09480 122.98101 41389.22266 21643.84853
7.09480 122.85601 35250.50391 365.64731

7.08748 123.73101 53790.69922 10.37586
7.08748 123.60601 45276.98047 1431.19730
7.08748 123.48101 16688.04688 43993.01663
7.08748 123.35601 267264.93750 301353.82494
7.08748 123.23101 439028.75000 460021.79152
7.08748 123.10601 150467.26562 156490.80818
7.08748 122.98101 26840.87891 11863.36776
7.08748 122.85601 45817.53125 200.41761

7.08015 123.73101 47944.48438 4.39226
7.08015 123.60601 58245.29297 605.84850
7.08015 123.48101 38813.66797 18622.94100
7.08015 123.35601 193113.00000 127567.84897
7.08015 123.23101 268518.93750 194734.51328
7.08015 123.10601 64178.44531 66245.03866
7.08015 122.98101 40106.46875 5021.95154
7.08015 122.85601 69094.56250 84.83995

7.07283 123.73101 56334.43359 1.43597
7.07283 123.60601 54908.20703 198.07040
7.07283 123.48101 21519.68750 6088.40885
7.07283 123.35601 130695.31250 41705.83051
7.07283 123.23101 164994.68750 63664.66684
7.07283 123.10601 74540.19531 21657.52873
7.07283 122.98101 97571.48438 1641.82952
7.07283 122.85601 93677.06250 27.73677

7.06550 123.73101 43732.32422 0.36257
7.06550 123.60601 36471.89062 50.01107
7.06550 123.48101 -3695.40308 1537.27076
7.06550 123.35601 74337.71875 10530.36275
7.06550 123.23101 102177.10156 16074.77967
7.06550 123.10601 72964.80469 5468.33934
7.06550 122.98101 55166.08594 414.54780
7.06550 122.85601 14676.43262 7.00330

7.05818 123.73101 9420.12305 0.07070
7.05818 123.60601 18855.58594 9.75222
7.05818 123.48101 13837.07324 299.76984
7.05818 123.35601 52613.53906 2053.43475
7.05818 123.23101 75455.06250 3134.60343
7.05818 123.10601 17645.99609 1066.33345
7.05818 122.98101 -34381.71875 80.83737
7.05818 122.85601 -70616.17188 1.36565

7.05085 123.73101 22138.05664 0.01065
7.05085 123.60601 8285.44238 1.46870
7.05085 123.48101 29709.54297 45.14571
7.05085 123.35601 55525.54688 309.24985
7.05085 123.23101 54080.07422 472.07521
7.05085 123.10601 10971.78418 160.59116
7.05085 122.98101 15617.52930 12.17421
7.05085 122.85601 -6422.02441 0.20567


